-3.000000000000000000e+01 3.000000000000000000e+01 -1.000000000000000000e+01 1.000000000000000000e+01 1.027683265066537160e+03
-5.322580645161290391e+01 5.322580645161290391e+01 -1.774193548387096797e+01 1.774193548387096797e+01 1.122040322870724140e+03
-7.645161290322580783e+01 7.645161290322580783e+01 -2.548387096774193594e+01 2.548387096774193594e+01 1.270699895439813645e+03
-9.967741935483871885e+01 9.967741935483871885e+01 -3.322580645161290391e+01 3.322580645161290391e+01 1.443018054280054002e+03
-1.229032258064516157e+02 1.229032258064516157e+02 -4.096774193548387188e+01 4.096774193548387188e+01 1.616942606070395868e+03
-1.461290322580645125e+02 1.461290322580645125e+02 -4.870967741935483986e+01 4.870967741935483986e+01 1.781198940205847975e+03
-1.693548387096774377e+02 1.693548387096774377e+02 -5.645161290322580783e+01 5.645161290322580783e+01 1.931124584921532914e+03
-1.925806451612903061e+02 1.925806451612903061e+02 -6.419354838709676869e+01 6.419354838709676869e+01 2.065310142253385948e+03
-2.158064516129032313e+02 2.158064516129032313e+02 -7.193548387096774377e+01 7.193548387096774377e+01 2.183772500571051296e+03
-2.390322580645161565e+02 2.390322580645161565e+02 -7.967741935483871885e+01 7.967741935483871885e+01 2.287099596978611771e+03
-2.622580645161290249e+02 2.622580645161290249e+02 -8.741935483870967971e+01 8.741935483870967971e+01 2.376083833758909350e+03
-2.854838709677419502e+02 2.854838709677419502e+02 -9.516129032258064058e+01 9.516129032258064058e+01 2.451576146834152496e+03
-3.087096774193548754e+02 3.087096774193548754e+02 -1.029032258064516157e+02 1.029032258064516157e+02 2.514432448658920293e+03
-3.319354838709678006e+02 3.319354838709678006e+02 -1.106451612903225907e+02 1.106451612903225907e+02 2.565495888881039718e+03
-3.551612903225806690e+02 3.551612903225806690e+02 -1.183870967741935516e+02 1.183870967741935516e+02 2.605591258837479927e+03
-3.783870967741935374e+02 3.783870967741935374e+02 -1.261290322580645125e+02 1.261290322580645125e+02 2.635522953888802022e+03
-4.016129032258064626e+02 4.016129032258064626e+02 -1.338709677419354875e+02 1.338709677419354875e+02 2.656073003146356768e+03
-4.248387096774193878e+02 4.248387096774193878e+02 -1.416129032258064626e+02 1.416129032258064626e+02 2.667999214791116174e+03
-4.480645161290323131e+02 4.480645161290323131e+02 -1.493548387096774377e+02 1.493548387096774377e+02 2.672032629504326451e+03
-4.712903225806451246e+02 4.712903225806451246e+02 -1.570967741935483843e+02 1.570967741935483843e+02 2.668875335716057634e+03
-4.945161290322580498e+02 4.945161290322580498e+02 -1.648387096774193594e+02 1.648387096774193594e+02 2.659198210242628193e+03
-5.177419354838709751e+02 5.177419354838709751e+02 -1.725806451612903345e+02 1.725806451612903345e+02 2.643639338363580464e+03
-5.409677419354839003e+02 5.409677419354839003e+02 -1.803225806451612812e+02 1.803225806451612812e+02 2.622802998515275704e+03
-5.641935483870968255e+02 5.641935483870968255e+02 -1.880645161290322562e+02 1.880645161290322562e+02 2.597258759400288000e+03
-5.874193548387097508e+02 5.874193548387097508e+02 -1.958064516129032313e+02 1.958064516129032313e+02 2.567541187259257185e+03
-6.106451612903226760e+02 6.106451612903226760e+02 -2.035483870967742064e+02 2.035483870967742064e+02 2.534149940998574948e+03
-6.338709677419356012e+02 6.338709677419356012e+02 -2.112903225806451815e+02 2.112903225806451815e+02 2.497550175428953935e+03
-6.570967741935484128e+02 6.570967741935484128e+02 -2.190322580645161281e+02 2.190322580645161281e+02 2.458173514854894165e+03
-6.803225806451613380e+02 6.803225806451613380e+02 -2.267741935483871032e+02 2.267741935483871032e+02 2.416419282689167630e+03
-7.035483870967742632e+02 7.035483870967742632e+02 -2.345161290322580783e+02 2.345161290322580783e+02 2.372655769101156693e+03
-7.267741935483870748e+02 7.267741935483870748e+02 -2.422580645161290249e+02 2.422580645161290249e+02 2.327221758086890986e+03
-7.500000000000000000e+02 7.500000000000000000e+02 -2.500000000000000000e+02 2.500000000000000000e+02 2.280428229041875056e+03
